Epoch gpu_mem box obj cls total labels img_size P R mAP@.5 mAP@.5:.95 val_loss(box) val_loss(obj) val_loss(cls)
     0/299     19.6G   0.08063    0.2444   0.03484    0.3598       173      1280    0.1732     0.282    0.2102     0.147   0.06042    0.0428   0.02133
     1/299     19.3G   0.04802   0.03993  0.008643   0.09659       113      1280    0.8682    0.5684    0.6383    0.4075   0.04222   0.04239  0.009727
     2/299     19.3G   0.04237   0.03828  0.002922   0.08358        85      1280    0.8586    0.6541    0.6877    0.4301   0.04214    0.0421  0.005862
     3/299     19.3G   0.03837   0.03764  0.001707   0.07772        23      1280    0.7153    0.7362    0.7358    0.4794    0.0387   0.04111  0.005011
     4/299     19.3G   0.03508   0.03588  0.001227   0.07219        94      1280    0.7877    0.7313    0.7551    0.4999    0.0359   0.04177  0.004769
     5/299     19.3G   0.03354   0.03444  0.001115   0.06909        43      1280    0.7925    0.7693    0.7761    0.5185   0.03488   0.04111  0.004566
     6/299     19.4G   0.03236   0.03411 0.0009354   0.06741       173      1280    0.8227    0.7651    0.7962    0.5264    0.0339    0.0405  0.004415
     7/299     19.4G   0.03164   0.03382  0.000879   0.06633       113      1280     0.818    0.7874    0.8109    0.5469   0.03249   0.04095  0.004195
     8/299     19.4G   0.03079   0.03231 0.0008087   0.06391        85      1280    0.8243    0.7947    0.8114    0.5475   0.03226   0.04196  0.004286
     9/299     19.4G   0.02998   0.03221 0.0007478   0.06294        23      1280    0.8319    0.8051    0.8175    0.5558   0.03177   0.04187  0.004129
    10/299     19.4G   0.02942   0.03188 0.0007257   0.06203        94      1280    0.8203    0.8055    0.8172    0.5514   0.03093   0.04143  0.003924
    11/299     19.4G   0.02926   0.03127 0.0007576   0.06129        43      1280    0.8595    0.8076    0.8326    0.5697   0.03027   0.04214  0.003887
    12/299     19.4G   0.02954    0.0326 0.0007919   0.06294        47      1280    0.8688    0.8009    0.8308    0.5703   0.02938   0.04241  0.003562
    13/299     19.4G   0.02941   0.03267 0.0007677   0.06285        43      1280     0.844    0.8116    0.8259    0.5737   0.02868   0.04234  0.003381
    14/299     19.4G   0.02933   0.03266 0.0008494   0.06284       102      1280    0.8422    0.8301    0.8393    0.5823   0.02735   0.04115  0.003195
    15/299     19.4G   0.02877   0.03303 0.0007669   0.06256       124      1280    0.8924    0.8207    0.8601    0.5873   0.02669   0.04267  0.002841
    16/299     19.4G   0.02856   0.03198 0.0006963   0.06124        45      1280    0.8464    0.8338    0.8485    0.5885   0.02623   0.04213  0.002499
    17/299     19.4G   0.02822   0.03233  0.000632   0.06119       104      1280    0.8727    0.8414    0.8619     0.592   0.02573    0.0429  0.002546
    18/299     19.4G   0.02783   0.03174 0.0006322    0.0602        48      1280    0.8659    0.8404    0.8641    0.5975   0.02553   0.04429  0.002421
    19/299     19.4G    0.0276   0.03117  0.000616   0.05939        77      1280    0.8661    0.8329    0.8634     0.606   0.02522   0.04348  0.002319
    20/299     19.4G   0.02744     0.031 0.0005847   0.05903       100      1280    0.8904    0.8333    0.8651    0.6075   0.02476   0.04476  0.002257
    21/299     19.4G   0.02704   0.03068 0.0005414   0.05825       173      1280    0.9055    0.8262    0.8713    0.6141   0.02483   0.04361  0.002401
    22/299     19.4G   0.02664   0.03067 0.0005424   0.05786       113      1280    0.8932    0.8401    0.8756     0.613   0.02426   0.04461  0.002121
    23/299     19.4G    0.0266   0.02983 0.0005189   0.05694        85      1280    0.8988    0.8426     0.875    0.6154    0.0242   0.04422  0.002219
    24/299     19.4G   0.02588   0.02993 0.0004956    0.0563        23      1280     0.908    0.8452    0.8823    0.6204    0.0237   0.04565  0.002102
    25/299     19.4G   0.02615   0.02976  0.000474   0.05638        94      1280    0.9072    0.8486    0.8842    0.6242   0.02355   0.04471  0.002153
    26/299     19.4G   0.02586   0.02908   0.00048   0.05542        43      1280    0.8959    0.8715    0.8914    0.6292   0.02383   0.04482   0.00231
    27/299     19.4G   0.02611   0.02979 0.0004853   0.05638        47      1280    0.8853    0.8706    0.8864    0.6269   0.02364   0.04397  0.002186
    28/299     19.4G   0.02591   0.02976 0.0004721   0.05614        43      1280    0.8926    0.8634    0.8831    0.6291   0.02331   0.04507  0.002235
    29/299     19.4G   0.02589   0.02944 0.0004742    0.0558       102      1280    0.9053    0.8612    0.8932    0.6313    0.0236   0.04482  0.002264
    30/299     19.4G   0.02572   0.02969 0.0004582   0.05587       124      1280    0.9153    0.8618    0.8918    0.6331   0.02345   0.04443  0.002289
    31/299     19.4G   0.02568   0.02906 0.0004531   0.05519        45      1280    0.8774    0.8697    0.8866     0.633   0.02325   0.04446  0.002165
    32/299     19.4G   0.02563   0.02952 0.0004434   0.05559       104      1280    0.9094    0.8621    0.8917    0.6365   0.02315   0.04482  0.002196
    33/299     19.4G   0.02525   0.02902  0.000443   0.05471        48      1280     0.884    0.8709    0.8958    0.6372   0.02301   0.04545  0.002217
    34/299     19.4G    0.0249   0.02849 0.0004357   0.05383        77      1280    0.9236    0.8684    0.8994    0.6421   0.02273   0.04518  0.002141
    35/299     19.4G   0.02492   0.02841 0.0004173   0.05374       100      1280    0.9207    0.8755      0.91    0.6465   0.02288   0.04525  0.002217
    36/299     19.4G   0.02532   0.02965 0.0004464   0.05542        31      1280    0.9215    0.8848    0.9134    0.6492   0.02275   0.04504  0.002222
    37/299     19.4G   0.02525   0.02904 0.0004401   0.05473        77      1280    0.8738    0.8903    0.8993    0.6468   0.02265   0.04592  0.002269
    38/299     19.4G   0.02501   0.02901 0.0004358   0.05445        94      1280    0.9274    0.8663    0.9095    0.6499   0.02265   0.04501  0.002185
    39/299     19.4G   0.02502   0.02886  0.000429   0.05431        54      1280    0.9111    0.8804    0.9055    0.6502   0.02269   0.04477  0.002253
    40/299     19.4G   0.02476   0.02882 0.0003989   0.05397       115      1280    0.9205    0.8775     0.909    0.6551   0.02249   0.04535  0.002245
    41/299     19.4G   0.02477    0.0283 0.0004008   0.05347        93      1280    0.8882    0.8943    0.9082    0.6513   0.02241   0.04543  0.002211
    42/299     19.4G   0.02489   0.02907  0.000407   0.05437        83      1280     0.944    0.8666     0.916     0.669   0.02231   0.04472  0.002295
    43/299     19.4G   0.02449   0.02827 0.0003756   0.05314       173      1280      0.94    0.8799    0.9172    0.6653   0.02215   0.04548  0.002263
    44/299     19.4G   0.02443   0.02847 0.0003984    0.0533       113      1280    0.9109    0.8871    0.9118    0.6597   0.02237   0.04486  0.002302
    45/299     19.4G   0.02392   0.02753 0.0003781   0.05182        85      1280    0.9287    0.8937     0.916    0.6657   0.02205   0.04462  0.002289
    46/299     19.4G   0.02398   0.02802 0.0003777   0.05238        23      1280    0.9249    0.8841    0.9121    0.6639   0.02209   0.04472  0.002194
    47/299     19.4G   0.02402   0.02794 0.0003667   0.05233        94      1280     0.925    0.8888    0.9198    0.6693   0.02194   0.04519  0.002248
    48/299     19.4G    0.0238   0.02736 0.0003802   0.05154        43      1280    0.9218    0.8918    0.9234    0.6727   0.02173   0.04533  0.002265
    49/299     19.4G   0.02393   0.02778 0.0003761   0.05209        47      1280    0.9251    0.8937     0.918    0.6701   0.02178   0.04544  0.002247
    50/299     19.4G   0.02375   0.02771 0.0003643   0.05183        43      1280    0.9232    0.9021    0.9207    0.6721   0.02157   0.04644  0.002254
    51/299     19.4G   0.02385   0.02765 0.0003584   0.05186       102      1280    0.9322    0.8841    0.9222    0.6732   0.02181   0.04564   0.00223
    52/299     19.4G   0.02373   0.02789 0.0003599   0.05198       124      1280    0.9457    0.8845    0.9242    0.6771   0.02164   0.04565   0.00227
    53/299     19.4G   0.02373   0.02719 0.0003722    0.0513        45      1280    0.9433     0.889    0.9271    0.6811    0.0217   0.04505  0.002248
    54/299     19.4G   0.02355   0.02767 0.0003541   0.05158       104      1280    0.9375    0.8971    0.9274    0.6793   0.02183   0.04523  0.002356
    55/299     19.4G   0.02326   0.02705 0.0003436   0.05065       173      1280    0.9459    0.8947    0.9292     0.683   0.02148   0.04541  0.002275
    56/299     19.4G   0.02324   0.02733 0.0003553   0.05092       113      1280    0.9402    0.9004    0.9297    0.6855   0.02148   0.04553  0.002237
    57/299     19.4G   0.02305   0.02662 0.0003348      0.05        85      1280    0.9403    0.9047    0.9371    0.6876   0.02134   0.04595  0.002257
    58/299     19.4G   0.02326   0.02709 0.0003357   0.05069        23      1280    0.9327    0.9081    0.9354    0.6907    0.0213   0.04564  0.002228
    59/299     19.4G   0.02295    0.0269 0.0003338   0.05018        94      1280     0.945    0.9013    0.9386    0.6901   0.02109   0.04568  0.002217
    60/299     19.4G   0.02291   0.02639 0.0003469   0.04964        43      1280    0.9316    0.9187    0.9382    0.6951   0.02136   0.04575  0.002287
    61/299     19.4G   0.02282   0.02673 0.0003302   0.04988        47      1280    0.9566    0.9021    0.9399     0.693   0.02118   0.04596  0.002253
    62/299     19.4G   0.02306   0.02713 0.0003292   0.05051        43      1280    0.9544    0.9041    0.9389    0.6921   0.02109   0.04598  0.002249
    63/299     19.4G    0.0231   0.02679 0.0003306   0.05022       102      1280    0.9415    0.9095    0.9322    0.6929   0.02095   0.04567  0.002216
    64/299     19.4G     0.023   0.02714 0.0003334   0.05047       124      1280    0.9435    0.9022    0.9325    0.6986   0.02098   0.04573  0.002234
    65/299     19.4G   0.02279   0.02633 0.0003266   0.04944        45      1280    0.9557    0.9061    0.9374    0.7014   0.02089   0.04567  0.002249
    66/299     19.4G   0.02275   0.02688 0.0003178   0.04994       104      1280    0.9513    0.9071     0.939    0.7022   0.02092   0.04564  0.002292
    67/299     19.4G    0.0226   0.02639 0.0003096    0.0493       173      1280    0.9456    0.9143      0.94    0.7025   0.02086   0.04557  0.002298
    68/299     19.4G   0.02246   0.02649 0.0003175   0.04927       113      1280    0.9383    0.9184     0.941    0.7037   0.02081   0.04558  0.002267
    69/299     19.4G   0.02241   0.02588 0.0003179   0.04861        85      1280    0.9392    0.9172    0.9412    0.7047   0.02084    0.0454  0.002337
    70/299     19.4G   0.02227   0.02625  0.000309   0.04883        23      1280    0.9475    0.9107    0.9413    0.7051    0.0208   0.04528  0.002286
    71/299     19.4G   0.02236   0.02632 0.0003118     0.049        94      1280    0.9479    0.9063    0.9429     0.708   0.02072    0.0453  0.002226
    72/299     19.4G   0.02236   0.02576 0.0003297   0.04845        43      1280    0.9566    0.8996    0.9407    0.7092   0.02064   0.04536  0.002219
    73/299     19.4G   0.02228   0.02612   0.00032   0.04872        47      1280    0.9607    0.9022    0.9393      0.71   0.02049   0.04558  0.002221
    74/299     19.4G   0.02219   0.02611 0.0002974    0.0486        43      1280    0.9419    0.9204    0.9411    0.7118   0.02045   0.04555  0.002243
    75/299     19.4G    0.0222   0.02593 0.0002997   0.04843       102      1280     0.929    0.9223    0.9419    0.7135   0.02042   0.04526  0.002229
    76/299     19.4G   0.02235   0.02662 0.0003061   0.04927       124      1280     0.927    0.9312     0.947    0.7169   0.02043   0.04507  0.002263
    77/299     19.4G   0.02226   0.02574 0.0003023   0.04831        45      1280    0.9321     0.919    0.9454    0.7166   0.02034   0.04536  0.002287
    78/299     19.4G   0.02235   0.02666 0.0003021   0.04931       104      1280     0.943    0.9171    0.9447    0.7184   0.02043   0.04516  0.002271
    79/299     19.4G   0.02265     0.027 0.0003283   0.04998        48      1280    0.9319    0.9187    0.9442    0.7188   0.02028   0.04484  0.002258
    80/299     19.4G   0.02278   0.02684 0.0003458   0.04997        77      1280    0.9604    0.9067    0.9483    0.7174   0.02027   0.04508  0.002292
    81/299     19.4G   0.02254   0.02656 0.0003255   0.04942       100      1280    0.9507    0.9146    0.9476    0.7174   0.02018   0.04505  0.002303
    82/299     19.4G   0.02259   0.02733 0.0003239   0.05024        31      1280     0.948    0.9179    0.9471    0.7193   0.02015   0.04513   0.00233
    83/299     19.4G   0.02236   0.02658 0.0003249   0.04927        77      1280    0.9579    0.9136    0.9478    0.7224   0.02004   0.04511  0.002339
    84/299     19.4G   0.02221   0.02655 0.0003235   0.04908        94      1280    0.9586    0.9194    0.9494    0.7243   0.02001   0.04512  0.002348
    85/299     19.4G   0.02228    0.0264 0.0003175     0.049        54      1280    0.9538    0.9181    0.9489    0.7277   0.01991   0.04513  0.002347
    86/299     19.4G   0.02221   0.02658 0.0003063    0.0491       115      1280    0.9637    0.9206     0.953    0.7293   0.01987    0.0451  0.002343
    87/299     19.4G   0.02234   0.02629 0.0003204   0.04896        93      1280    0.9459    0.9315    0.9517    0.7303   0.01986   0.04523  0.002326
    88/299     19.4G   0.02242   0.02708 0.0003246   0.04983        83      1280    0.9487    0.9324    0.9515    0.7288   0.01989   0.04521   0.00231
    89/299     19.4G   0.02268   0.02719 0.0003181   0.05019        83      1280    0.9513    0.9312    0.9526    0.7309   0.01992   0.04518  0.002301
    90/299     19.4G   0.02187   0.02608 0.0002799   0.04822       173      1280    0.9545    0.9314    0.9525    0.7324    0.0199   0.04513    0.0023
    91/299     19.4G    0.0219   0.02629 0.0002906   0.04848       113      1280    0.9522    0.9422    0.9557    0.7333   0.01981   0.04541  0.002321
    92/299     19.4G   0.02159   0.02533 0.0002912   0.04721        85      1280    0.9526    0.9387    0.9539    0.7357   0.01978   0.04555  0.002346
    93/299     19.4G   0.02138   0.02571  0.000286   0.04738        23      1280    0.9649     0.931    0.9541    0.7385   0.01975    0.0455  0.002343
    94/299     19.4G   0.02129   0.02544 0.0002774   0.04701        94      1280    0.9517    0.9367     0.954    0.7364   0.01967   0.04544  0.002344
    95/299     19.4G   0.02128   0.02508 0.0002917   0.04665        43      1280    0.9426    0.9502    0.9577    0.7366   0.01962   0.04535   0.00234
    96/299     19.4G   0.02151   0.02568 0.0002821   0.04747        47      1280    0.9594    0.9353    0.9566     0.739    0.0196   0.04533  0.002341
    97/299     19.4G   0.02146   0.02574 0.0002953   0.04749        43      1280    0.9597    0.9367    0.9559    0.7412   0.01956   0.04551  0.002344
    98/299     19.4G   0.02144   0.02543 0.0002786   0.04714       102      1280    0.9597    0.9412    0.9565    0.7405   0.01955   0.04554   0.00235
    99/299     19.4G   0.02127   0.02564 0.0002777   0.04719       124      1280    0.9567    0.9357    0.9544    0.7406   0.01952   0.04566  0.002348
   100/299     19.4G    0.0211   0.02489 0.0002672   0.04627        45      1280    0.9646    0.9355    0.9579    0.7411   0.01947   0.04563  0.002354
   101/299     19.4G   0.02114    0.0255   0.00028   0.04692       104      1280    0.9637    0.9342    0.9574    0.7418   0.01941    0.0457  0.002358
   102/299     19.4G    0.0213    0.0256 0.0003091    0.0472        48      1280    0.9626    0.9339    0.9564    0.7424   0.01936   0.04566  0.002354
   103/299     19.4G   0.02109    0.0252  0.000293   0.04658        77      1280    0.9617    0.9354     0.958    0.7414   0.01933   0.04559  0.002351
   104/299     19.4G   0.02116   0.02534  0.000288   0.04679       100      1280    0.9601    0.9327    0.9575    0.7457    0.0193   0.04555  0.002347
   105/299     19.4G    0.0214   0.02608 0.0002977   0.04777        31      1280    0.9527    0.9403    0.9577    0.7471   0.01928   0.04552  0.002342
   106/299     19.4G   0.02121   0.02542 0.0002876   0.04691        77      1280    0.9587    0.9388     0.958    0.7459   0.01924   0.04548  0.002336
   107/299     19.4G   0.02104   0.02534 0.0002864   0.04667        94      1280    0.9605    0.9378    0.9588    0.7468    0.0192    0.0455  0.002326
   108/299     19.4G   0.02103   0.02521 0.0002935   0.04654        54      1280     0.965    0.9332    0.9579    0.7473   0.01917   0.04553  0.002327
   109/299     19.4G   0.02115   0.02539  0.000277   0.04681       115      1280    0.9636    0.9342    0.9586      0.75   0.01913    0.0456  0.002328
   110/299     19.4G   0.02102   0.02502 0.0002756   0.04631        93      1280    0.9654    0.9334    0.9601    0.7504   0.01912   0.04568  0.002331
   111/299     19.4G   0.02133   0.02592 0.0002776   0.04752        83      1280    0.9655    0.9364    0.9609    0.7509   0.01909   0.04574  0.002331
   112/299     19.4G   0.02133   0.02588 0.0002796   0.04749        83      1280    0.9673    0.9362     0.962    0.7522   0.01905   0.04578  0.002328
   113/299     19.4G   0.02133   0.02585 0.0003083   0.04749        55      1280    0.9655    0.9372     0.961    0.7525   0.01903   0.04584  0.002321
   114/299     19.4G   0.02125   0.02587 0.0002971   0.04742       166      1280    0.9676    0.9371    0.9625    0.7535   0.01901   0.04582  0.002325
   115/299     19.4G   0.02068   0.02489 0.0002618   0.04583       173      1280    0.9683    0.9375    0.9633    0.7535   0.01901   0.04583  0.002328
   116/299     19.4G   0.02069   0.02515 0.0002655    0.0461       113      1280    0.9577     0.945    0.9623    0.7542     0.019   0.04584  0.002327
   117/299     19.4G   0.02047    0.0244 0.0002591   0.04513        85      1280    0.9576    0.9464    0.9624    0.7553   0.01897    0.0458  0.002327
   118/299     19.4G    0.0205   0.02502 0.0002697   0.04579        23      1280    0.9623    0.9463    0.9629     0.755   0.01894   0.04573  0.002325
   119/299     19.4G    0.0205   0.02481 0.0002607   0.04557        94      1280    0.9604    0.9455    0.9613    0.7554   0.01892   0.04577  0.002326
   120/299     19.4G   0.02032   0.02422 0.0002675   0.04481        43      1280    0.9581    0.9441    0.9595    0.7547   0.01891   0.04571  0.002323
   121/299     19.4G   0.02039   0.02471 0.0002611   0.04537        47      1280    0.9582    0.9427    0.9591    0.7563   0.01889    0.0457  0.002324
   122/299     19.4G   0.02034   0.02477 0.0002517   0.04536        43      1280    0.9678    0.9393    0.9597    0.7564   0.01886   0.04574  0.002324
   123/299     19.4G   0.02115    0.0254 0.0002607   0.04682       102      1280    0.9683    0.9382    0.9601    0.7564   0.01882   0.04567  0.002319
   124/299     19.4G   0.02055   0.02519 0.0002622     0.046       124      1280    0.9658    0.9431    0.9637    0.7568   0.01882   0.04562  0.002311
   125/299     19.4G   0.02036   0.02423 0.0002534   0.04484        45      1280    0.9661    0.9433    0.9629    0.7568   0.01881   0.04558  0.002312
   126/299     19.4G   0.02013   0.02469 0.0002443   0.04507       104      1280    0.9644    0.9451    0.9631     0.756    0.0188   0.04558  0.002312
   127/299     19.4G   0.02027   0.02471 0.0002586   0.04524        48      1280    0.9677    0.9466    0.9639    0.7572   0.01879   0.04557  0.002315
   128/299     19.4G   0.02019    0.0244  0.000262   0.04485        77      1280    0.9704    0.9434    0.9639    0.7578   0.01877    0.0456  0.002315
   129/299     19.4G   0.01999   0.02421 0.0002589   0.04446       100      1280      0.97    0.9422    0.9631     0.759   0.01875   0.04562  0.002317
   130/299     19.4G   0.02026   0.02499 0.0002562    0.0455        31      1280    0.9689    0.9422    0.9634    0.7591   0.01873   0.04561  0.002316
   131/299     19.4G   0.01993   0.02433 0.0002569   0.04452        77      1280    0.9649    0.9438    0.9632    0.7591   0.01871   0.04564  0.002319
   132/299     19.4G   0.01987   0.02437 0.0002553    0.0445        94      1280    0.9677    0.9412    0.9629    0.7589    0.0187   0.04569  0.002323
   133/299     19.4G   0.01997   0.02425 0.0002582   0.04447        54      1280    0.9647    0.9447    0.9629    0.7595   0.01868   0.04567  0.002326
   134/299     19.4G   0.01994   0.02443 0.0002415   0.04461       115      1280    0.9648    0.9439     0.963     0.761   0.01867   0.04571   0.00233
   135/299     19.4G   0.01986     0.024 0.0002489   0.04411        93      1280    0.9655    0.9438    0.9631    0.7607   0.01865   0.04571  0.002331
   136/299     19.4G   0.02019   0.02492 0.0002546   0.04537        83      1280    0.9628    0.9446    0.9633    0.7613   0.01862   0.04573  0.002332
   137/299     19.4G   0.02023   0.02478 0.0002475   0.04525        83      1280    0.9654    0.9444     0.963    0.7611   0.01861   0.04573   0.00233
   138/299     19.4G   0.02039   0.02487 0.0002663   0.04553        55      1280    0.9713    0.9384     0.963    0.7618    0.0186   0.04575  0.002332
   139/299     19.4G   0.01993   0.02456  0.000261   0.04475       166      1280    0.9637    0.9437    0.9632    0.7622   0.01859   0.04573  0.002334
   140/299     19.4G   0.02026   0.02527 0.0002703    0.0458        96      1280    0.9661    0.9439    0.9635    0.7623   0.01858   0.04575  0.002337
   141/299     19.4G   0.02048   0.02556 0.0002773   0.04632        42      1280    0.9645    0.9452    0.9649    0.7621   0.01856   0.04573  0.002338
   142/299     19.4G   0.02035   0.02553 0.0002712   0.04615        93      1280    0.9657    0.9452    0.9653    0.7625   0.01855   0.04573   0.00234
   143/299     19.4G   0.02048    0.0252 0.0002804   0.04596       106      1280    0.9649    0.9454    0.9651    0.7633   0.01853   0.04574  0.002341
   144/299     19.4G   0.02046   0.02553 0.0002654   0.04626        49      1280    0.9632    0.9445    0.9637    0.7639   0.01852   0.04576  0.002343
   145/299     19.4G   0.01993   0.02487 0.0002591   0.04506        97      1280     0.962    0.9449    0.9643    0.7645   0.01851   0.04577  0.002347
   146/299     19.4G   0.01999   0.02501 0.0002553   0.04525        88      1280    0.9655    0.9421    0.9654    0.7648    0.0185   0.04579  0.002348
   147/299     19.4G   0.02016   0.02517  0.000256   0.04559         2      1280    0.9724    0.9359    0.9655    0.7662   0.01848   0.04583  0.002351
   148/299     19.4G   0.02003    0.0247 0.0002602   0.04499        29      1280    0.9725    0.9357    0.9655    0.7666   0.01846   0.04585  0.002355
   149/299     19.4G      0.02   0.02492 0.0002625   0.04519        58      1280    0.9703    0.9365    0.9654    0.7665   0.01845   0.04584  0.002357
   150/299     19.4G   0.01983   0.02453   0.00026   0.04462       133      1280    0.9702    0.9369    0.9651    0.7665   0.01844   0.04587  0.002358
   151/299     19.4G   0.01978   0.02484 0.0002498   0.04487        83      1280    0.9722    0.9362    0.9654    0.7668   0.01844   0.04589   0.00236
   152/299     19.4G   0.01969   0.02456 0.0002507   0.04451        85      1280    0.9721    0.9383    0.9655    0.7668   0.01843   0.04588  0.002358
